-7.51019e-05	0.0346205	-9.53674e-07	-1.60022	0.000729799	0.00221491	0	0.396452	-0.011957	0.608797	
-7.51019e-05	0.0346205	-7.15256e-07	-1.60022	0.000730038	0.00221467	0	0.396452	-0.0119569	0.608797	
1.5974e-05	0.0380116	-7.15256e-07	-1.60333	0.000830889	0.00245738	0	0.397289	-0.0119107	0.606489	
0.000145435	0.0406883	2.38419e-07	-1.60599	0.000910044	0.00264835	-2.38419e-07	0.397932	-0.0118508	0.604603	
0.000288486	0.0429947	-3.57628e-06	-1.60837	0.000977039	0.00274134	2.26498e-05	0.398468	-0.0117888	0.602954	
0.000419378	0.0451322	-1.40667e-05	-1.61057	0.00102901	0.00277805	6.07967e-05	0.398954	-0.0117357	0.601432	
0.000522614	0.0472314	-3.00407e-05	-1.61264	0.00106764	0.00276947	0.000112772	0.399425	-0.0116972	0.59997	
0.000591278	0.0493681	-4.86374e-05	-1.61461	0.00109291	0.00272179	0.000177383	0.399901	-0.0116749	0.598528	
0.000625372	0.0515802	-6.62804e-05	-1.61649	0.00110769	0.00263476	0.000253916	0.400391	-0.0116673	0.597083	
0.000629425	0.0538781	-7.86781e-05	-1.61831	0.00111461	0.0025053	0.000340939	0.400897	-0.0116705	0.595625	
0.000610352	0.0562539	-8.29697e-05	-1.6201	0.0011158	0.00232816	0.000438213	0.401415	-0.0116805	0.59415	
0.000575781	0.0586872	-7.60555e-05	-1.62186	0.00111341	0.00209737	0.000544786	0.401938	-0.0116929	0.592663	
0.000532627	0.0611501	-5.60284e-05	-1.62361	0.00110817	0.0018084	0.000660658	0.40246	-0.0117042	0.591173	
0.000486851	0.0636101	-2.16961e-05	-1.62535	0.00110149	0.00145698	0.000785112	0.40297	-0.0117113	0.589695	
0.000442982	0.0660334	2.76566e-05	-1.62705	0.00109291	0.00103974	0.00091815	0.403461	-0.0117122	0.588246	
0.000404596	0.068387	9.15527e-05	-1.62871	0.00108337	0.000555754	0.00105953	0.403925	-0.0117056	0.586842	
0.000374079	0.0706403	0.000169992	-1.63032	0.00107193	5.00679e-06	0.00120902	0.404357	-0.0116905	0.585503	
0.000353098	0.0727668	0.000262022	-1.63184	0.00105834	-0.000611067	0.00136638	0.404752	-0.0116667	0.584245	
0.000343323	0.074744	0.000366926	-1.63326	0.00104213	-0.00128961	0.00153089	0.405106	-0.0116338	0.583083	
0.000345469	0.0765545	0.000484228	-1.63457	0.00102329	-0.00202656	0.00170207	0.405417	-0.0115917	0.582028	
0.000360489	0.0781865	0.000612497	-1.63576	0.00100183	-0.00281715	0.00187945	0.405684	-0.0115405	0.581088	
0.000388861	0.0796332	0.000751257	-1.6368	0.000977278	-0.00365448	0.00206232	0.405908	-0.0114803	0.58027	
0.000431061	0.080893	0.000899315	-1.6377	0.000949621	-0.00453234	0.00224996	0.40609	-0.0114112	0.579575	
0.000487328	0.0819685	0.00105619	-1.63845	0.000919342	-0.00544333	0.00244212	0.406233	-0.0113335	0.579002	
0.000557423	0.0828671	0.0012207	-1.63905	0.00088644	-0.00638056	0.00263739	0.406338	-0.0112474	0.578547	
0.000641584	0.0835991	0.00139236	-1.63951	0.000851154	-0.00733566	0.00283504	0.40641	-0.0111533	0.578205	
0.000739336	0.0841782	0.0015707	-1.63984	0.000813246	-0.00830173	0.00303459	0.406452	-0.0110513	0.577967	
0.000850439	0.0846205	0.00175452	-1.64003	0.00077343	-0.00927162	0.00323558	0.406468	-0.0109421	0.577823	
0.000974178	0.0849438	0.00194287	-1.64011	0.000732422	-0.0102391	0.0034368	0.406463	-0.0108261	0.577763	
0.00111032	0.0851672	0.00213623	-1.64009	0.000690222	-0.011198	0.00363779	0.406442	-0.0107034	0.577773	
0.0012579	0.0853109	0.00233364	-1.63998	0.000647545	-0.0121434	0.00383782	0.406407	-0.0105744	0.57784	
0.00141621	0.0853951	0.00253439	-1.63979	0.000605345	-0.0130708	0.00403595	0.406365	-0.0104399	0.577952	
0.00158501	0.0854397	0.00273824	-1.63955	0.000563145	-0.0139759	0.00423265	0.406318	-0.0102998	0.578095	
0.00176311	0.0854638	0.00294542	-1.63926	0.000522137	-0.0148561	0.00442624	0.406271	-0.0101546	0.578255	
0.00195003	0.0854862	0.00315571	-1.63896	0.000482559	-0.0157094	0.00461698	0.406228	-0.0100045	0.578421	
0.00214505	0.0855241	0.00336814	-1.63864	0.000444889	-0.0165343	0.00480461	0.406191	-0.00985005	0.578579	
0.00234771	0.0855932	0.00358343	-1.63834	0.000409365	-0.0173299	0.00498867	0.406163	-0.00969115	0.57872	
0.00255704	0.0857079	0.00380087	-1.63806	0.000377178	-0.0180962	0.00516939	0.406149	-0.00952833	0.578832	
0.00277281	0.0858803	0.00402093	-1.63781	0.000347614	-0.0188334	0.0053463	0.406148	-0.00936157	0.578909	
0.0029943	0.0861211	0.00424337	-1.6376	0.000321388	-0.0195429	0.00551963	0.406165	-0.00919117	0.578942	
0.00322104	0.0864387	0.00446844	-1.63745	0.000298738	-0.020226	0.00568938	0.406199	-0.0090172	0.578925	
0.00345254	0.0868397	0.00469613	-1.63736	0.000279427	-0.0208838	0.00585556	0.406252	-0.00883985	0.578853	
0.00368834	0.0873291	0.00492668	-1.63734	0.000263691	-0.0215194	0.00601912	0.406324	-0.00865921	0.578724	
0.00392818	0.0879097	0.00516033	-1.63738	0.00025177	-0.0221348	0.00617957	0.406417	-0.00847523	0.578536	
0.00417161	0.0885825	0.00539708	-1.6375	0.000243187	-0.0227318	0.00633693	0.406529	-0.00828816	0.578287	
0.00441837	0.0893474	0.00563717	-1.63769	0.000237703	-0.023313	0.00649238	0.40666	-0.00809801	0.577978	
0.00466824	0.0902023	0.00588107	-1.63794	0.000235796	-0.0238819	0.00664568	0.406809	-0.00790465	0.577611	
0.0049212	0.0911443	0.00612855	-1.63827	0.000236988	-0.0244408	0.00679755	0.406977	-0.00770821	0.577186	
0.00517702	0.0921686	0.00638032	-1.63866	0.000241041	-0.0249915	0.00694776	0.40716	-0.00750854	0.576709	
0.00543571	0.0932698	0.00663614	-1.63911	0.000247478	-0.0255373	0.00709724	0.407358	-0.00730578	0.576181	
0.00569725	0.0944424	0.0068965	-1.63961	0.000256777	-0.0260801	0.00724578	0.407569	-0.0070997	0.575608	
0.00596166	0.0956795	0.00716114	-1.64017	0.000268459	-0.0266218	0.00739408	0.407792	-0.00689043	0.574993	
0.00622892	0.0969739	0.00743079	-1.64077	0.000282049	-0.0271649	0.00754189	0.408025	-0.00667777	0.574342	
0.00649929	0.0983183	0.00770521	-1.64141	0.000297546	-0.0277104	0.00768971	0.408266	-0.0064617	0.573659	
0.00677299	0.0997052	0.00798488	-1.64208	0.000314236	-0.0282602	0.00783777	0.408514	-0.00624202	0.57295	
0.00705004	0.101128	0.00826979	-1.64278	0.000332594	-0.0288153	0.00798655	0.408767	-0.0060187	0.572219	
0.00733042	0.102578	0.00855994	-1.64349	0.000352383	-0.029377	0.0081358	0.409023	-0.00579177	0.571471	
0.00761461	0.104051	0.00885558	-1.64422	0.000372887	-0.0299459	0.00828552	0.409281	-0.00556102	0.570711	
0.00790286	0.105539	0.00915647	-1.64496	0.000394344	-0.0305219	0.0084362	0.409541	-0.00532642	0.569942	
0.00819492	0.107038	0.00946307	-1.64571	0.000416279	-0.0311062	0.00858736	0.4098	-0.00508793	0.569168	
0.00849128	0.108542	0.00977492	-1.64645	0.000439167	-0.031698	0.00873923	0.410059	-0.00484551	0.568394	
0.00879216	0.110047	0.0100923	-1.64719	0.000462532	-0.0322969	0.0088923	0.410316	-0.00459903	0.567621	
0.00909734	0.11155	0.0104153	-1.64791	0.000486135	-0.032903	0.00904632	0.410571	-0.0043485	0.566852	
0.00940752	0.113048	0.0107436	-1.64863	0.000510454	-0.0335159	0.00920081	0.410824	-0.00409377	0.566089	
0.00972247	0.114538	0.0110774	-1.64933	0.000534534	-0.0341341	0.00935626	0.411074	-0.00383495	0.565333	
0.0100424	0.116021	0.011416	-1.65002	0.000559092	-0.0347569	0.00951219	0.411322	-0.00357213	0.564586	
0.0103676	0.117496	0.01176	-1.65069	0.000583887	-0.0353835	0.00966883	0.411567	-0.00330496	0.563847	
0.0106978	0.118961	0.0121088	-1.65134	0.000608921	-0.0360136	0.00982571	0.41181	-0.00303381	0.563118	
0.0110335	0.120419	0.0124626	-1.65198	0.000634432	-0.0366449	0.00998306	0.412051	-0.00275836	0.562397	
0.0113747	0.121871	0.0128217	-1.65259	0.000659943	-0.0372775	0.0101409	0.41229	-0.00247857	0.561684	
0.0117214	0.123317	0.013185	-1.65319	0.00068593	-0.0379097	0.010299	0.412528	-0.00219473	0.560978	
0.0120735	0.124761	0.0135531	-1.65378	0.000712156	-0.0385408	0.010457	0.412766	-0.00190668	0.560277	
0.0124311	0.126204	0.013926	-1.65434	0.000739098	-0.0391698	0.0106151	0.413003	-0.00161435	0.559581	
0.0127943	0.12765	0.0143032	-1.6549	0.000766277	-0.0397956	0.0107729	0.413241	-0.00131797	0.558887	
0.0131629	0.1291	0.0146844	-1.65544	0.000794172	-0.0404179	0.0109308	0.41348	-0.00101757	0.558195	
0.0135369	0.130558	0.01507	-1.65597	0.000822544	-0.0410354	0.0110884	0.41372	-0.000713069	0.557501	
0.0139165	0.132026	0.0154593	-1.6565	0.00085187	-0.0416479	0.0112455	0.413963	-0.000404582	0.556805	
0.0143015	0.133508	0.0158527	-1.65701	0.000881672	-0.0422547	0.0114024	0.414208	-9.20559e-05	0.556105	
0.0146918	0.135006	0.0162501	-1.65753	0.000912189	-0.042855	0.011559	0.414456	0.000224447	0.555398	
0.0150874	0.136523	0.0166512	-1.65804	0.000943661	-0.0434492	0.0117149	0.414707	0.000544786	0.554684	
0.0154881	0.13806	0.0170557	-1.65855	0.000976324	-0.0440369	0.0118709	0.414962	0.000868987	0.55396	
0.0158939	0.139621	0.0174639	-1.65906	0.00100923	-0.0446179	0.0120258	0.415221	0.00119689	0.553226	
0.0163043	0.141206	0.0178752	-1.65957	0.00104308	-0.045192	0.0121808	0.415485	0.00152817	0.55248	
0.0167196	0.142818	0.0182903	-1.66008	0.00107813	-0.0457594	0.0123353	0.415753	0.00186335	0.551721	
0.0171394	0.144458	0.0187087	-1.6606	0.00111389	-0.0463202	0.0124891	0.416025	0.00220202	0.550949	
0.0175638	0.146127	0.0191302	-1.66112	0.00115037	-0.0468745	0.0126429	0.416302	0.00254408	0.550162	
0.0179925	0.147826	0.0195556	-1.66165	0.00118756	-0.0474229	0.0127964	0.416584	0.00288972	0.54936	
0.0184257	0.149556	0.0199838	-1.66219	0.00122547	-0.0479653	0.0129495	0.416871	0.00323869	0.548544	
0.018863	0.151316	0.0204151	-1.66273	0.00126433	-0.048502	0.0131023	0.417163	0.00359091	0.547712	
0.0193043	0.153107	0.0208495	-1.66327	0.00130391	-0.0490336	0.0132554	0.417458	0.00394636	0.546864	
0.0197494	0.154929	0.0212872	-1.66382	0.00134397	-0.0495601	0.0134079	0.417759	0.00430502	0.546002	
0.0201983	0.156781	0.021728	-1.66437	0.0013845	-0.0500822	0.0135605	0.418064	0.0046668	0.545125	
0.0206511	0.158662	0.022172	-1.66493	0.00142574	-0.0506001	0.0137134	0.418372	0.00503172	0.544234	
0.0211074	0.160573	0.022619	-1.66549	0.00146723	-0.0511138	0.0138659	0.418685	0.00539965	0.543329	
0.0215673	0.162512	0.0230696	-1.66605	0.00150919	-0.0516238	0.0140188	0.419001	0.0057708	0.542411	
0.0220308	0.164478	0.0235231	-1.66661	0.00155163	-0.0521312	0.0141718	0.419321	0.0061449	0.541481	
0.0224977	0.166471	0.0239801	-1.66718	0.00159431	-0.0526352	0.0143251	0.419644	0.00652209	0.540539	
0.0229681	0.168488	0.0244401	-1.66774	0.00163674	-0.0531363	0.0144784	0.419971	0.00690217	0.539586	
0.0234418	0.170531	0.0249035	-1.6683	0.00167966	-0.0536349	0.0146325	0.4203	0.00728537	0.538623	
0.0239191	0.172596	0.0253701	-1.66885	0.00172281	-0.0541313	0.0147865	0.420632	0.00767161	0.53765	
0.0243995	0.174685	0.0258396	-1.6694	0.00176549	-0.0546253	0.014941	0.420966	0.00806052	0.536668	
0.0248835	0.176795	0.0263128	-1.66995	0.00180864	-0.0551169	0.0150959	0.421303	0.00845276	0.535679	
0.0253708	0.178925	0.0267892	-1.67048	0.0018518	-0.0556068	0.0152514	0.421642	0.00884792	0.534681	
0.0258613	0.181076	0.0272686	-1.67101	0.00189471	-0.0560944	0.0154071	0.421983	0.00924588	0.533677	
0.0263553	0.183246	0.0277514	-1.67154	0.00193787	-0.0565798	0.0155632	0.422327	0.00964699	0.532666	
0.0268526	0.185435	0.0282376	-1.67205	0.00198054	-0.0570631	0.0157201	0.422672	0.0100511	0.53165	
0.0273533	0.187643	0.0287271	-1.67255	0.00202298	-0.057544	0.0158775	0.423019	0.0104582	0.530628	
0.0278573	0.189868	0.0292196	-1.67304	0.00206518	-0.0580225	0.0160353	0.423368	0.0108682	0.5296	
0.0283647	0.192111	0.0297153	-1.67352	0.00210714	-0.0584989	0.0161939	0.423719	0.0112811	0.528568	
0.0288756	0.194372	0.0302141	-1.67398	0.00214887	-0.0589719	0.0163527	0.424072	0.0116971	0.52753	
0.0293899	0.196651	0.0307157	-1.67444	0.00219035	-0.0594425	0.0165119	0.424427	0.012116	0.526488	
0.0299077	0.198947	0.0312204	-1.67488	0.00223136	-0.0599103	0.0166719	0.424784	0.0125379	0.525441	
0.0304289	0.201262	0.0317285	-1.6753	0.00227213	-0.060375	0.0168326	0.425142	0.0129629	0.524389	
0.0309534	0.203593	0.032239	-1.67572	0.00231266	-0.0608363	0.0169933	0.425503	0.0133906	0.523333	
0.0314813	0.205944	0.0327525	-1.67612	0.00235271	-0.0612941	0.0171552	0.425865	0.0138212	0.522272	
0.0320127	0.208312	0.0332689	-1.6765	0.00239253	-0.0617485	0.0173171	0.42623	0.0142549	0.521206	
0.0325475	0.2107	0.0337882	-1.67688	0.00243187	-0.0621991	0.0174797	0.426597	0.0146914	0.520134	
0.0330858	0.213107	0.0343101	-1.67723	0.00247121	-0.0626459	0.0176427	0.426965	0.0151309	0.519057	
0.0336273	0.215533	0.0348346	-1.67758	0.00251031	-0.0630889	0.0178063	0.427336	0.0155732	0.517975	
0.0341721	0.217979	0.0353615	-1.67791	0.00254893	-0.0635273	0.0179706	0.427709	0.0160182	0.516887	
0.0347202	0.220446	0.0358911	-1.67822	0.00258684	-0.0639617	0.0181353	0.428085	0.0164661	0.515793	
0.0352716	0.222934	0.0364234	-1.67852	0.00262427	-0.0643919	0.0183008	0.428462	0.0169169	0.514692	
0.0358262	0.225442	0.0369582	-1.67881	0.00266147	-0.0648177	0.0184667	0.428842	0.0173704	0.513586	
0.0363839	0.227973	0.0374954	-1.67908	0.00269842	-0.065239	0.0186331	0.429224	0.0178266	0.512473	
0.0369446	0.230525	0.0380347	-1.67934	0.0027349	-0.0656559	0.0188	0.429609	0.0182855	0.511353	
0.0375082	0.233099	0.0385764	-1.67958	0.00276995	-0.0660682	0.0189676	0.429996	0.0187468	0.510226	
0.038075	0.235695	0.0391204	-1.67981	0.00280499	-0.0664756	0.0191355	0.430385	0.019211	0.509093	
0.0386448	0.238314	0.0396667	-1.68002	0.00283933	-0.066879	0.0193043	0.430777	0.0196777	0.507952	
0.0392175	0.240956	0.0402153	-1.68022	0.00287318	-0.0672777	0.0194738	0.431171	0.0201471	0.506805	
0.0397928	0.243621	0.040766	-1.6804	0.00290656	-0.0676718	0.0196438	0.431567	0.0206189	0.50565	
0.0403709	0.246308	0.0413187	-1.68057	0.00293899	-0.0680614	0.0198145	0.431965	0.0210932	0.504488	
0.0409517	0.249019	0.0418735	-1.68073	0.0029707	-0.0684466	0.0199857	0.432366	0.0215699	0.503319	
0.0415351	0.251753	0.0424306	-1.68086	0.00300145	-0.0688272	0.0201578	0.432769	0.0220491	0.502142	
0.0421212	0.254509	0.04299	-1.68098	0.00303221	-0.0692036	0.0203309	0.433174	0.0225309	0.500959	
0.0427098	0.257289	0.0435512	-1.68109	0.00306225	-0.0695755	0.0205047	0.433582	0.023015	0.499769	
0.0433009	0.260092	0.0441144	-1.68118	0.00309086	-0.0699432	0.020679	0.433991	0.0235014	0.498571	
0.0438943	0.262917	0.0446796	-1.68125	0.00311852	-0.0703061	0.0208542	0.434403	0.0239901	0.497367	
0.0444903	0.265764	0.0452466	-1.6813	0.00314593	-0.0706651	0.0210304	0.434816	0.0244812	0.496156	
0.0450885	0.268635	0.0458157	-1.68134	0.00317192	-0.0710196	0.0212073	0.435232	0.0249745	0.494939	
0.0456891	0.271527	0.0463867	-1.68136	0.00319648	-0.0713696	0.021385	0.43565	0.0254701	0.493716	
0.0462918	0.274442	0.0469596	-1.68136	0.00322104	-0.0717156	0.0215638	0.43607	0.025968	0.492486	
0.0468969	0.277379	0.0475342	-1.68134	0.0032444	-0.0720577	0.0217431	0.436491	0.026468	0.49125	
0.0475042	0.280337	0.048111	-1.6813	0.00326681	-0.0723953	0.0219238	0.436915	0.0269704	0.490008	
0.0481136	0.283318	0.0486896	-1.68124	0.00328851	-0.0727289	0.022105	0.43734	0.027475	0.488759	
0.0487251	0.286319	0.0492699	-1.68116	0.0033083	-0.0730581	0.0222874	0.437767	0.0279817	0.487506	
0.0493386	0.289342	0.0498519	-1.68106	0.00332761	-0.0733831	0.0224707	0.438197	0.0284905	0.486247	
0.0499542	0.292386	0.0504355	-1.68094	0.00334549	-0.0737042	0.0226548	0.438628	0.0290013	0.484982	
0.0505719	0.295451	0.0510211	-1.6808	0.00336266	-0.0740209	0.02284	0.43906	0.0295145	0.483712	
0.0511916	0.298537	0.0516083	-1.68064	0.00337839	-0.074333	0.023026	0.439495	0.0300297	0.482437	
0.0518134	0.301644	0.0521977	-1.68045	0.00339341	-0.0746412	0.0232131	0.439931	0.0305473	0.481156	
0.0524371	0.304772	0.0527883	-1.68025	0.00340652	-0.0749447	0.0234013	0.440369	0.0310667	0.47987	
0.0530624	0.30792	0.0533803	-1.68002	0.00341845	-0.0752442	0.0235906	0.440809	0.031588	0.47858	
0.05369	0.311088	0.0539742	-1.67976	0.00342917	-0.0755394	0.0237808	0.44125	0.0321115	0.477285	
0.0543194	0.314277	0.0545695	-1.67949	0.00343871	-0.0758297	0.023972	0.441693	0.0326371	0.475985	
0.0549505	0.317486	0.0551665	-1.67919	0.00344682	-0.0761161	0.0241644	0.442138	0.0331646	0.47468	
0.0555835	0.320715	0.0557649	-1.67887	0.00345349	-0.0763974	0.0243578	0.442584	0.0336942	0.47337	
0.0562181	0.323965	0.056365	-1.67852	0.00345945	-0.0766742	0.0245521	0.443033	0.0342258	0.472056	
0.0568547	0.327234	0.0569663	-1.67815	0.00346351	-0.0769465	0.0247476	0.443482	0.0347592	0.470737	
0.057493	0.330524	0.0575688	-1.67775	0.00346637	-0.0772142	0.0249443	0.443934	0.0352946	0.469413	
0.0581329	0.333834	0.0581729	-1.67733	0.00346708	-0.0774772	0.025142	0.444387	0.0358318	0.468085	
0.0587745	0.337164	0.058778	-1.67689	0.00346684	-0.0777352	0.0253408	0.444842	0.0363709	0.466752	
0.059418	0.340513	0.0593848	-1.67642	0.00346541	-0.0779886	0.0255406	0.445298	0.0369121	0.465414	
0.0600629	0.343883	0.059993	-1.67593	0.00346231	-0.0782371	0.0257421	0.445756	0.0374552	0.464072	
0.0607095	0.347273	0.0606019	-1.6754	0.00345707	-0.078481	0.0259442	0.446215	0.0379999	0.462725	
0.0613573	0.350683	0.0612125	-1.67486	0.00345135	-0.0787199	0.0261478	0.446676	0.0385465	0.461374	
0.0620067	0.354112	0.0618246	-1.67429	0.00344372	-0.0789537	0.0263526	0.447139	0.039095	0.460018	
0.0626576	0.357562	0.0624375	-1.67369	0.00343442	-0.0791829	0.0265584	0.447603	0.0396452	0.458658	
0.0633099	0.361031	0.0630517	-1.67306	0.00342321	-0.0794067	0.0267653	0.448068	0.0401971	0.457293	
0.0639634	0.36452	0.0636668	-1.67241	0.00341105	-0.0796256	0.026974	0.448535	0.0407507	0.455924	
0.0646183	0.368028	0.0642829	-1.67174	0.00339723	-0.0798395	0.0271833	0.449004	0.041306	0.45455	
0.0652745	0.371556	0.0649004	-1.67103	0.00338149	-0.0800481	0.0273941	0.449474	0.041863	0.453172	
0.065932	0.375103	0.0655184	-1.6703	0.00336361	-0.0802515	0.0276062	0.449945	0.0424215	0.45179	
0.0665908	0.378671	0.0661378	-1.66954	0.0033443	-0.0804493	0.0278196	0.450418	0.0429818	0.450403	
0.0672507	0.382257	0.0667582	-1.66876	0.00332332	-0.080642	0.0280342	0.450893	0.0435438	0.449012	
0.0679121	0.385863	0.0673797	-1.66794	0.00330067	-0.0808296	0.0282502	0.451368	0.0441075	0.447616	
0.0685742	0.389487	0.0680017	-1.6671	0.00327587	-0.0810118	0.0284672	0.451845	0.0446724	0.446217	
0.0692375	0.393131	0.068625	-1.66623	0.00324917	-0.0811887	0.0286858	0.452324	0.045239	0.444812	
0.0699017	0.396794	0.0692487	-1.66533	0.00322104	-0.0813601	0.0289056	0.452804	0.045807	0.443404	
0.0705671	0.400475	0.0698736	-1.66441	0.00319099	-0.081526	0.0291266	0.453285	0.0463767	0.441992	
0.0712335	0.404175	0.0704992	-1.66345	0.00315928	-0.0816867	0.0293489	0.453767	0.0469478	0.440576	
0.0719008	0.407894	0.0711257	-1.66247	0.00312495	-0.0818412	0.0295727	0.454251	0.0475204	0.439156	
0.0725689	0.41163	0.071753	-1.66146	0.00308943	-0.0819907	0.029798	0.454736	0.0480943	0.437732	
0.0732381	0.415385	0.0723813	-1.66042	0.003052	-0.0821342	0.0300245	0.455222	0.0486699	0.436304	
0.0739079	0.419159	0.0730102	-1.65935	0.00301242	-0.0822721	0.0302525	0.455709	0.0492467	0.434872	
0.0745788	0.42295	0.0736399	-1.65825	0.0029707	-0.0824041	0.0304816	0.456198	0.049825	0.433436	
0.0752501	0.426759	0.07427	-1.65712	0.00292706	-0.0825305	0.0307119	0.456688	0.0504045	0.431997	
0.0759225	0.430585	0.0749011	-1.65596	0.00288177	-0.0826511	0.0309441	0.457179	0.0509855	0.430554	
0.0765955	0.434429	0.0755332	-1.65477	0.00283384	-0.0827658	0.0311775	0.457671	0.0515679	0.429108	
0.0772691	0.438291	0.0761654	-1.65355	0.00278425	-0.0828748	0.0314124	0.458164	0.0521514	0.427658	
0.0779433	0.442169	0.0767987	-1.6523	0.00273252	-0.0829771	0.0316486	0.458658	0.0527363	0.426204	
0.0786183	0.446065	0.0774324	-1.65102	0.00267863	-0.0830734	0.0318866	0.459154	0.0533224	0.424747	
0.0792937	0.449977	0.0780666	-1.6497	0.00262213	-0.0831637	0.0321257	0.459651	0.0539097	0.423287	
0.0799699	0.453906	0.0787013	-1.64836	0.00256371	-0.0832481	0.0323663	0.460148	0.0544982	0.421824	
0.0806465	0.457852	0.0793364	-1.64699	0.00250316	-0.0833259	0.0326085	0.460647	0.0550878	0.420357	
0.0813236	0.461814	0.0799725	-1.64558	0.00244069	-0.0833972	0.0328522	0.461147	0.0556788	0.418887	
0.0820014	0.465792	0.0806091	-1.64414	0.00237608	-0.0834622	0.0330973	0.461647	0.0562711	0.417414	
0.0826797	0.469786	0.0812461	-1.64268	0.00230885	-0.0835209	0.033344	0.462149	0.0568644	0.415938	
0.0833583	0.473796	0.0818834	-1.64118	0.0022397	-0.0835724	0.033592	0.462652	0.0574588	0.414459	
0.0840373	0.477822	0.0825217	-1.63964	0.00216818	-0.0836174	0.0338416	0.463156	0.0580544	0.412977	
0.0847168	0.481863	0.0831602	-1.63808	0.00209427	-0.0836558	0.0340927	0.46366	0.0586511	0.411492	
0.0853965	0.48592	0.0837991	-1.63648	0.00201845	-0.0836873	0.0343451	0.464166	0.0592488	0.410004	
0.0860767	0.489992	0.0844386	-1.63485	0.00194001	-0.0837116	0.0345995	0.464673	0.0598477	0.408513	
0.0867572	0.494079	0.0850785	-1.63319	0.00185943	-0.0837288	0.0348551	0.46518	0.0604476	0.407019	
0.0874381	0.498181	0.0857189	-1.6315	0.00177622	-0.0837388	0.0351124	0.465688	0.0610485	0.405523	
0.088119	0.502298	0.0863593	-1.62977	0.00169039	-0.0837414	0.0353711	0.466198	0.0616503	0.404024	
0.0888002	0.50643	0.0870001	-1.62802	0.00160217	-0.0837369	0.0356314	0.466708	0.062253	0.402522	
0.0894816	0.510576	0.0876415	-1.62623	0.00151181	-0.0837252	0.0358932	0.467218	0.0628567	0.401018	
0.0901632	0.514736	0.0882831	-1.6244	0.00141907	-0.0837052	0.0361567	0.46773	0.0634614	0.399511	
0.0908451	0.518911	0.0889251	-1.62254	0.00132394	-0.083678	0.0364215	0.468243	0.0640671	0.398001	
0.091527	0.523099	0.0895679	-1.62066	0.00122595	-0.0836427	0.0366881	0.468756	0.0646738	0.396489	
0.0922091	0.527302	0.0902104	-1.61873	0.00112629	-0.0835996	0.0369561	0.46927	0.0652812	0.394975	
0.0928912	0.531518	0.0908535	-1.61678	0.00102377	-0.0835483	0.0372257	0.469784	0.0658895	0.393458	
0.0935733	0.535747	0.0914965	-1.61479	0.000918627	-0.0834889	0.0374973	0.4703	0.0664985	0.391939	
0.0942557	0.539989	0.0921395	-1.61276	0.000810862	-0.0834215	0.0377703	0.470816	0.0671083	0.390417	
0.0949378	0.544245	0.092783	-1.61071	0.000700951	-0.0833454	0.0380445	0.471333	0.0677189	0.388893	
0.0956199	0.548514	0.0934269	-1.60862	0.000588179	-0.0832608	0.0383205	0.47185	0.0683303	0.387367	
0.096302	0.552795	0.0940709	-1.6065	0.000472307	-0.0831673	0.0385983	0.472369	0.0689424	0.385838	
0.0969841	0.557089	0.0947149	-1.60434	0.00035429	-0.0830648	0.0388772	0.472887	0.0695552	0.384308	
0.097666	0.561395	0.0953593	-1.60215	0.000233412	-0.0829537	0.0391581	0.473407	0.0701687	0.382776	
0.0983479	0.565714	0.096004	-1.59992	0.000110388	-0.0828335	0.0394404	0.473927	0.070783	0.381241	
0.0990298	0.570045	0.0966489	-1.59767	-1.57356e-05	-0.0827038	0.0397246	0.474447	0.071398	0.379704	
0.0997114	0.574387	0.0972939	-1.59538	-0.000144482	-0.0825653	0.04001	0.474969	0.0720136	0.378166	
0.100393	0.578741	0.097939	-1.59305	-0.000275612	-0.082417	0.0402973	0.47549	0.0726299	0.376625	
0.101074	0.583107	0.0985847	-1.59069	-0.000409365	-0.0822592	0.040586	0.476012	0.0732468	0.375082	
0.101755	0.587484	0.0992303	-1.5883	-0.000545979	-0.0820909	0.0408766	0.476535	0.0738642	0.373538	
0.102436	0.591872	0.0998757	-1.58587	-0.000685215	-0.0819135	0.0411685	0.477058	0.0744821	0.371992	
0.103117	0.59627	0.100522	-1.58341	-0.000827551	-0.0817254	0.0414622	0.477582	0.0751006	0.370445	
0.103797	0.600679	0.101167	-1.58091	-0.000972271	-0.0815275	0.0417573	0.478106	0.0757196	0.368895	
0.104477	0.605098	0.101813	-1.57838	-0.00112009	-0.0813181	0.0420542	0.47863	0.0763392	0.367344	
0.105157	0.609529	0.10246	-1.57582	-0.00127053	-0.0810988	0.0423527	0.479155	0.0769593	0.365792	
0.105836	0.613968	0.103106	-1.57322	-0.0014236	-0.0808685	0.0426526	0.479681	0.0775799	0.364238	
0.106515	0.618418	0.103752	-1.57059	-0.00157976	-0.0806272	0.042954	0.480206	0.0782008	0.362682	
0.107194	0.622878	0.104399	-1.56792	-0.00173831	-0.0803745	0.043257	0.480732	0.0788223	0.361125	
0.107872	0.627347	0.105046	-1.56522	-0.00189972	-0.0801105	0.0435617	0.481259	0.0794443	0.359567	
0.108551	0.631824	0.105693	-1.56249	-0.00206375	-0.0798349	0.0438683	0.481785	0.0800667	0.358008	
0.109228	0.636311	0.10634	-1.55972	-0.00223112	-0.0795472	0.0441763	0.482312	0.0806894	0.356447	
0.109905	0.640807	0.106987	-1.55692	-0.00240159	-0.079248	0.044486	0.482839	0.0813124	0.354885	
0.110582	0.645312	0.107634	-1.55408	-0.00257444	-0.0789361	0.0447972	0.483367	0.0819359	0.353321	
0.111259	0.649824	0.108281	-1.55121	-0.00275064	-0.0786121	0.0451102	0.483895	0.0825596	0.351757	
0.111935	0.654346	0.108928	-1.54831	-0.00292921	-0.0782754	0.0454247	0.484423	0.0831835	0.350191	
0.11261	0.658875	0.109576	-1.54537	-0.00311065	-0.0779259	0.0457404	0.484951	0.0838076	0.348625	
0.113285	0.663411	0.110223	-1.5424	-0.00329518	-0.077563	0.0460579	0.48548	0.0844319	0.347058	
0.113959	0.667955	0.11087	-1.53939	-0.0034821	-0.0771873	0.0463772	0.486008	0.0850566	0.345489	
0.114633	0.672507	0.111518	-1.53635	-0.00367236	-0.076798	0.0466979	0.486537	0.0856817	0.34392	
0.115306	0.677065	0.112166	-1.53328	-0.00386524	-0.0763953	0.04702	0.487065	0.086307	0.34235	
0.115979	0.681631	0.112814	-1.53017	-0.00406122	-0.075978	0.0473437	0.487594	0.0869323	0.340779	
0.116651	0.686203	0.113462	-1.52703	-0.00426006	-0.0755467	0.0476689	0.488124	0.0875578	0.339207	
0.117323	0.690782	0.11411	-1.52386	-0.004462	-0.0751009	0.0479958	0.488653	0.0881834	0.337635	
0.117994	0.695367	0.114758	-1.52065	-0.00466704	-0.0746403	0.0483241	0.489182	0.088809	0.336062	
0.118664	0.699958	0.115406	-1.51741	-0.00487518	-0.0741649	0.0486538	0.489711	0.0894348	0.334489	
0.119334	0.704555	0.116054	-1.51413	-0.00508595	-0.073674	0.0489852	0.490241	0.0900608	0.332915	
0.120003	0.709157	0.116702	-1.51082	-0.00530005	-0.0731678	0.0493178	0.49077	0.0906868	0.33134	
0.120672	0.713764	0.117351	-1.50748	-0.00551701	-0.0726454	0.0496521	0.491299	0.0913128	0.329765	
0.12134	0.718377	0.117999	-1.50411	-0.00573683	-0.0721073	0.0499878	0.491828	0.091939	0.32819	
0.122007	0.722995	0.118648	-1.5007	-0.00595975	-0.0715525	0.0503249	0.492358	0.0925651	0.326614	
0.122674	0.727617	0.119297	-1.49726	-0.00618553	-0.0709817	0.0506637	0.492887	0.0931911	0.325038	
0.123339	0.732244	0.119946	-1.49379	-0.00641465	-0.0703938	0.0510037	0.493416	0.0938171	0.323462	
0.124005	0.736875	0.120595	-1.49028	-0.00664616	-0.0697887	0.0513451	0.493945	0.0944432	0.321885	
0.124669	0.741509	0.121244	-1.48674	-0.00688076	-0.0691659	0.051688	0.494473	0.0950692	0.320308	
0.125333	0.746148	0.121893	-1.48317	-0.00711846	-0.0685256	0.0520325	0.495002	0.0956948	0.318731	
0.125996	0.75079	0.122542	-1.47957	-0.00735927	-0.0678668	0.0523777	0.495531	0.0963205	0.317155	
0.126658	0.755435	0.123192	-1.47593	-0.00760365	-0.0671897	0.0527248	0.496059	0.096946	0.315578	
0.12732	0.760084	0.123842	-1.47227	-0.00785041	-0.0664942	0.0530734	0.496587	0.0975715	0.314001	
0.12798	0.764735	0.124491	-1.46857	-0.00810027	-0.0657794	0.0534229	0.497115	0.0981967	0.312424	
0.12864	0.769388	0.125141	-1.46484	-0.00835347	-0.0650454	0.0537736	0.497643	0.0988218	0.310848	
0.129299	0.774044	0.125791	-1.46108	-0.00860906	-0.0642917	0.054126	0.49817	0.0994465	0.309271	
0.129958	0.778702	0.126441	-1.45729	-0.00886798	-0.0635178	0.0544794	0.498697	0.100071	0.307695	
0.130615	0.783361	0.127092	-1.45346	-0.00913024	-0.0627239	0.0548341	0.499224	0.100696	0.30612	
0.131272	0.788023	0.127743	-1.44961	-0.00939536	-0.061909	0.0551903	0.499751	0.10132	0.304544	
0.131928	0.792685	0.128393	-1.44573	-0.00966311	-0.0610733	0.0555477	0.500277	0.101943	0.302969	
0.132583	0.797348	0.129044	-1.44181	-0.00993466	-0.060216	0.0559061	0.500803	0.102567	0.301395	
0.133237	0.802012	0.129695	-1.43787	-0.0102086	-0.0593376	0.0562656	0.501329	0.10319	0.299821	
0.133891	0.806677	0.130347	-1.43389	-0.0104859	-0.0584364	0.0566261	0.501854	0.103813	0.298247	
0.134543	0.811342	0.130998	-1.42989	-0.0107658	-0.0575132	0.056988	0.502379	0.104435	0.296674	
0.135195	0.816007	0.13165	-1.42586	-0.011049	-0.0565672	0.0573504	0.502903	0.105057	0.295101	
0.135845	0.820672	0.132302	-1.42179	-0.0113351	-0.0555983	0.0577142	0.503427	0.105679	0.29353	
0.136495	0.825336	0.132954	-1.4177	-0.0116243	-0.0546055	0.058079	0.503951	0.1063	0.291959	
0.137143	0.829999	0.133606	-1.41358	-0.0119164	-0.0535893	0.0584445	0.504474	0.106921	0.290389	
0.137791	0.834661	0.134259	-1.40944	-0.0122111	-0.0525489	0.0588112	0.504996	0.107541	0.28882	
0.138438	0.839322	0.134912	-1.40526	-0.0125093	-0.0514841	0.0591788	0.505518	0.108161	0.287251	
0.139084	0.843981	0.135565	-1.40106	-0.0128098	-0.0503941	0.0595474	0.50604	0.10878	0.285684	
0.139729	0.848638	0.136219	-1.39683	-0.0131137	-0.0492787	0.0599165	0.506561	0.109399	0.284117	
0.140372	0.853293	0.136872	-1.39257	-0.0134211	-0.0481377	0.0602868	0.507081	0.110017	0.282552	
0.141015	0.857945	0.137527	-1.38829	-0.0137308	-0.0469713	0.0606575	0.507601	0.110634	0.280988	
0.141657	0.862594	0.138181	-1.38398	-0.0140433	-0.045778	0.0610294	0.508121	0.111251	0.279425	
0.142298	0.867241	0.138836	-1.37964	-0.0143583	-0.0445583	0.0614014	0.508639	0.111868	0.277863	
0.142937	0.871884	0.139491	-1.37528	-0.0146763	-0.0433111	0.0617743	0.509157	0.112484	0.276302	
0.143576	0.876523	0.140146	-1.3709	-0.0149972	-0.0420363	0.0621476	0.509674	0.113099	0.274743	
0.144213	0.881158	0.140802	-1.36649	-0.015321	-0.0407333	0.0625217	0.510191	0.113713	0.273185	
0.144849	0.88579	0.141458	-1.36205	-0.0156479	-0.0394025	0.062896	0.510707	0.114327	0.271628	
0.145484	0.890416	0.142114	-1.35759	-0.0159776	-0.038043	0.0632713	0.511223	0.11494	0.270073	
0.146118	0.895038	0.142771	-1.35311	-0.0163095	-0.0366545	0.0636466	0.511737	0.115552	0.268519	
0.146751	0.899654	0.143428	-1.34861	-0.0166442	-0.0352368	0.0640223	0.512251	0.116164	0.266968	
0.147383	0.904265	0.144085	-1.34408	-0.0169821	-0.0337892	0.0643985	0.512765	0.116775	0.265417	
0.148013	0.90887	0.144743	-1.33953	-0.0173228	-0.0323114	0.064775	0.513277	0.117385	0.263869	
0.148642	0.913469	0.145401	-1.33496	-0.0176654	-0.0308034	0.0651515	0.513789	0.117994	0.262322	
0.14927	0.918061	0.14606	-1.33037	-0.0180111	-0.0292647	0.0655282	0.514299	0.118602	0.260777	
0.149897	0.922647	0.146719	-1.32576	-0.0183597	-0.0276942	0.0659051	0.51481	0.11921	0.259234	
0.150522	0.927226	0.147378	-1.32112	-0.0187106	-0.0260928	0.066282	0.515319	0.119817	0.257692	
0.151146	0.931798	0.148039	-1.31647	-0.0190642	-0.0244591	0.066659	0.515827	0.120423	0.256152	
0.151769	0.936361	0.148699	-1.3118	-0.0194201	-0.0227933	0.0670359	0.516334	0.121028	0.254615	
0.15239	0.940917	0.14936	-1.30711	-0.0197785	-0.0210953	0.0674129	0.516841	0.121632	0.25308	
0.15301	0.945464	0.150022	-1.30241	-0.0201395	-0.0193641	0.0677891	0.517346	0.122235	0.251546	
0.153629	0.950002	0.150683	-1.29769	-0.020503	-0.0175998	0.0681651	0.517851	0.122837	0.250015	
0.154246	0.954532	0.151345	-1.29295	-0.0208688	-0.0158021	0.0685408	0.518355	0.123439	0.248486	
0.154861	0.959052	0.152008	-1.28819	-0.0212367	-0.0139709	0.0689166	0.518858	0.124039	0.246959	
0.155475	0.963562	0.152671	-1.28342	-0.0216069	-0.0121052	0.0692911	0.51936	0.124638	0.245435	
0.156087	0.968062	0.153335	-1.27864	-0.0219796	-0.0102055	0.0696657	0.519861	0.125236	0.243913	
0.156698	0.972552	0.153999	-1.27384	-0.0223546	-0.00827098	0.0700395	0.520361	0.125833	0.242394	
0.157308	0.977031	0.154664	-1.26902	-0.0227318	-0.00630164	0.0704129	0.520859	0.126429	0.240876	
0.157915	0.981499	0.155329	-1.2642	-0.0231109	-0.00429702	0.0707855	0.521357	0.127024	0.239362	
0.158521	0.985956	0.155995	-1.25936	-0.0234923	-0.00225759	0.0711575	0.521854	0.127618	0.23785	
0.159125	0.990401	0.156661	-1.25451	-0.0238755	-0.00018239	0.0715284	0.52235	0.12821	0.236341	
0.159728	0.994833	0.157327	-1.24966	-0.0242608	0.00192857	0.0718985	0.522844	0.128802	0.234835	
0.160329	0.999254	0.157995	-1.24479	-0.024648	0.00407577	0.0722673	0.523338	0.129392	0.233331	
0.160928	1.00366	0.158663	-1.23991	-0.0250373	0.00625873	0.0726352	0.52383	0.129981	0.23183	
0.161524	1.00806	0.159331	-1.23502	-0.0254285	0.00847864	0.0730019	0.524322	0.130569	0.230332	
0.162119	1.01244	0.16	-1.23013	-0.0258212	0.0107346	0.0733674	0.524812	0.131156	0.228837	
0.162712	1.0168	0.160669	-1.22523	-0.0262158	0.0130272	0.0737317	0.525301	0.131741	0.227345	
0.163303	1.02116	0.16134	-1.22033	-0.026612	0.015357	0.0740943	0.525789	0.132325	0.225856	
0.163893	1.02549	0.16201	-1.21542	-0.02701	0.0177231	0.0744557	0.526275	0.132908	0.22437	
0.164479	1.02982	0.162681	-1.2105	-0.02741	0.0201263	0.0748158	0.526761	0.133489	0.222887	
0.165064	1.03413	0.163353	-1.20558	-0.0278103	0.0225668	0.0751736	0.527245	0.13407	0.221407	
0.165647	1.03842	0.164025	-1.20066	-0.028213	0.0250442	0.0755303	0.527728	0.134648	0.219931	
0.166227	1.0427	0.164698	-1.19574	-0.0286169	0.0275586	0.0758848	0.528209	0.135226	0.218458	
0.166806	1.04696	0.165371	-1.19081	-0.0290217	0.0301101	0.0762374	0.528689	0.135802	0.216988	
0.167382	1.0512	0.166045	-1.18589	-0.0294278	0.0326984	0.0765884	0.529168	0.136376	0.215522	
0.167955	1.05543	0.16672	-1.18096	-0.0298352	0.0353239	0.0769372	0.529646	0.136949	0.214059	
0.168527	1.05964	0.167395	-1.17604	-0.0302436	0.0379865	0.0772839	0.530123	0.137521	0.2126	
0.169096	1.06384	0.168071	-1.17112	-0.0306532	0.0406859	0.0776286	0.530598	0.138092	0.211145	
0.169662	1.06801	0.168747	-1.1662	-0.0310636	0.0434225	0.077971	0.531071	0.13866	0.209693	
0.170226	1.07217	0.169424	-1.16128	-0.0314755	0.046196	0.078311	0.531544	0.139227	0.208245	
0.170787	1.07631	0.170102	-1.15638	-0.0318878	0.0490055	0.0786483	0.532015	0.139793	0.206801	
0.171345	1.08043	0.17078	-1.15147	-0.0323009	0.0518517	0.0789835	0.532484	0.140357	0.20536	
0.171901	1.08453	0.171458	-1.14657	-0.0327146	0.0547342	0.0793161	0.532952	0.14092	0.203923	
0.172455	1.08861	0.172137	-1.14168	-0.0331295	0.0576527	0.0796466	0.533419	0.141481	0.20249	
0.173005	1.09267	0.172817	-1.1368	-0.0335445	0.0606067	0.0799739	0.533884	0.14204	0.201061	
0.173553	1.09672	0.173498	-1.13193	-0.0339599	0.0635962	0.0802984	0.534348	0.142598	0.199636	
0.174097	1.10074	0.174179	-1.12707	-0.0343761	0.0666213	0.0806203	0.53481	0.143154	0.198216	
0.174639	1.10474	0.174861	-1.12221	-0.0347924	0.0696812	0.0809393	0.535271	0.143709	0.196799	
0.175178	1.10872	0.175543	-1.11737	-0.0352092	0.0727756	0.081255	0.53573	0.144262	0.195387	
0.175713	1.11269	0.176226	-1.11254	-0.0356259	0.0759041	0.0815678	0.536187	0.144813	0.193979	
0.176245	1.11663	0.176909	-1.10773	-0.0360429	0.0790668	0.0818775	0.536644	0.145362	0.192575	
0.176775	1.12054	0.177593	-1.10293	-0.0364599	0.082263	0.0821841	0.537098	0.14591	0.191176	
0.177301	1.12444	0.178278	-1.09814	-0.0368769	0.0854919	0.0824873	0.537551	0.146455	0.189782	
0.177824	1.12832	0.178963	-1.09337	-0.0372941	0.0887537	0.0827875	0.538002	0.146999	0.188391	
0.178343	1.13217	0.179649	-1.08861	-0.0377111	0.0920477	0.0830843	0.538452	0.147542	0.187005	
0.178859	1.136	0.180335	-1.08387	-0.0381279	0.0953732	0.0833776	0.5389	0.148082	0.185624	
0.179372	1.13981	0.181022	-1.07915	-0.0385442	0.0987306	0.0836678	0.539347	0.148621	0.184248	
0.179881	1.1436	0.18171	-1.07445	-0.0389597	0.102118	0.0839541	0.539791	0.149157	0.182876	
0.180387	1.14736	0.182398	-1.06976	-0.0393751	0.105536	0.0842371	0.540234	0.149692	0.181509	
0.180888	1.1511	0.183087	-1.0651	-0.0397904	0.108984	0.0845168	0.540676	0.150225	0.180147	
0.181387	1.15482	0.183776	-1.06046	-0.040205	0.11246	0.0847924	0.541115	0.150756	0.17879	
0.181881	1.15851	0.184465	-1.05584	-0.0406189	0.115965	0.0850646	0.541553	0.151285	0.177437	
0.182372	1.16218	0.185156	-1.05124	-0.0410328	0.119498	0.0853331	0.54199	0.151812	0.17609	
0.182859	1.16583	0.185846	-1.04666	-0.0414453	0.123058	0.0855978	0.542424	0.152337	0.174748	
0.183343	1.16946	0.186538	-1.04211	-0.0418568	0.126645	0.0858588	0.542857	0.15286	0.17341	
0.183822	1.17306	0.187229	-1.03758	-0.0422676	0.130257	0.0861158	0.543288	0.153381	0.172078	
0.184297	1.17663	0.187922	-1.03308	-0.0426776	0.133894	0.0863693	0.543716	0.1539	0.170751	
0.184769	1.18019	0.188615	-1.0286	-0.0430863	0.137557	0.0866189	0.544143	0.154417	0.169429	
0.185236	1.18371	0.189309	-1.02414	-0.043494	0.141243	0.0868642	0.544569	0.154932	0.168112	
0.185699	1.18722	0.190002	-1.01972	-0.0439005	0.144951	0.0871058	0.544992	0.155444	0.166801	
0.186159	1.1907	0.190697	-1.01532	-0.0443053	0.148682	0.0873435	0.545413	0.155955	0.165495	
0.186614	1.19415	0.191393	-1.01094	-0.0447097	0.152436	0.0875771	0.545833	0.156464	0.164195	
0.187064	1.19758	0.192088	-1.0066	-0.0451121	0.156209	0.0878069	0.546251	0.15697	0.1629	
0.187511	1.20099	0.192784	-1.00228	-0.0455129	0.160003	0.0880327	0.546666	0.157474	0.161611	
0.187953	1.20437	0.193481	-0.997993	-0.0459125	0.163816	0.0882545	0.54708	0.157976	0.160326	
0.188391	1.20773	0.194178	-0.993735	-0.0463111	0.167649	0.0884724	0.547492	0.158476	0.159048	
0.188824	1.21106	0.194876	-0.989505	-0.0467079	0.171498	0.0886862	0.547902	0.158973	0.157776	
0.189253	1.21437	0.195574	-0.985307	-0.0471029	0.175364	0.088896	0.548309	0.159468	0.156509	
0.189678	1.21765	0.196273	-0.981138	-0.0474963	0.179247	0.0891018	0.548715	0.159962	0.155248	
0.190098	1.22091	0.196973	-0.977	-0.047888	0.183146	0.0893035	0.549119	0.160452	0.153993	
0.190513	1.22415	0.197672	-0.972893	-0.0482783	0.187059	0.0895014	0.549521	0.160941	0.152744	
0.190924	1.22736	0.198373	-0.968818	-0.0486665	0.190985	0.0896955	0.54992	0.161427	0.151501	
0.191331	1.23054	0.199074	-0.964776	-0.0490532	0.194925	0.0898857	0.550318	0.161911	0.150264	
0.191732	1.2337	0.199775	-0.960764	-0.049438	0.198876	0.0900719	0.550713	0.162392	0.149033	
0.192129	1.23684	0.200477	-0.956785	-0.0498209	0.202839	0.0902543	0.551107	0.162871	0.147808	
0.192522	1.23995	0.20118	-0.952839	-0.0502019	0.206813	0.0904331	0.551498	0.163348	0.146589	
0.192909	1.24303	0.201883	-0.948926	-0.0505812	0.210796	0.0906076	0.551887	0.163822	0.145376	
0.193292	1.2461	0.202586	-0.945046	-0.0509582	0.214788	0.0907786	0.552273	0.164294	0.14417	
0.19367	1.24913	0.20329	-0.941199	-0.0513337	0.218788	0.0909455	0.552658	0.164763	0.14297	
0.194043	1.25214	0.203995	-0.937386	-0.0517066	0.222795	0.0911088	0.553041	0.16523	0.141776	
0.194411	1.25513	0.204699	-0.933606	-0.0520775	0.226809	0.0912685	0.553421	0.165694	0.140589	
0.194775	1.2581	0.205405	-0.929861	-0.0524464	0.230829	0.0914242	0.553799	0.166156	0.139408	
0.195133	1.26103	0.20611	-0.926149	-0.0528126	0.234853	0.0915763	0.554175	0.166615	0.138233	
0.195487	1.26395	0.206817	-0.922472	-0.0531769	0.238881	0.0917249	0.554548	0.167072	0.137065	
0.195835	1.26684	0.207524	-0.918829	-0.0535388	0.242912	0.0918694	0.554919	0.167526	0.135904	
0.196178	1.2697	0.208232	-0.915221	-0.0538988	0.246946	0.0920107	0.555288	0.167978	0.134749	
0.196517	1.27255	0.20894	-0.911647	-0.0542567	0.250981	0.0921483	0.555654	0.168427	0.133601	
0.19685	1.27536	0.209649	-0.908107	-0.0546119	0.255017	0.0922828	0.556019	0.168874	0.13246	
0.197178	1.27816	0.210359	-0.904602	-0.0549648	0.259053	0.0924134	0.55638	0.169317	0.131326	
0.197502	1.28092	0.211068	-0.901132	-0.0553155	0.263088	0.0925407	0.55674	0.169759	0.130198	
0.19782	1.28367	0.211779	-0.897697	-0.0556633	0.267122	0.0926647	0.557097	0.170197	0.129077	
0.198133	1.28639	0.21249	-0.894296	-0.0560091	0.271153	0.0927854	0.557451	0.170633	0.127964	
0.19844	1.28909	0.213202	-0.890931	-0.0563526	0.275181	0.0929029	0.557804	0.171066	0.126857	
0.198742	1.29176	0.213914	-0.8876	-0.0566936	0.279205	0.0930173	0.558154	0.171497	0.125757	
0.199039	1.29441	0.214627	-0.884304	-0.0570323	0.283225	0.0931284	0.558501	0.171924	0.124665	
0.199332	1.29703	0.215339	-0.881042	-0.0573685	0.287239	0.0932364	0.558846	0.172349	0.123579	
0.199618	1.29963	0.216053	-0.877816	-0.0577021	0.291247	0.0933416	0.559188	0.172771	0.122501	
0.199899	1.30221	0.216768	-0.874624	-0.0580328	0.295248	0.0934436	0.559529	0.173191	0.121431	
0.200176	1.30476	0.217483	-0.871468	-0.0583618	0.299241	0.0935426	0.559866	0.173607	0.120367	
0.200446	1.30729	0.218199	-0.868346	-0.0586882	0.303226	0.0936387	0.560201	0.174021	0.119311	
0.200711	1.3098	0.218915	-0.865258	-0.0590115	0.307202	0.0937319	0.560534	0.174432	0.118263	
0.200971	1.31228	0.219631	-0.862206	-0.0593324	0.311168	0.0938227	0.560864	0.17484	0.117222	
0.201226	1.31474	0.220349	-0.859187	-0.0596504	0.315124	0.0939102	0.561191	0.175245	0.116188	
0.201475	1.31718	0.221066	-0.856204	-0.0599661	0.319068	0.0939953	0.561516	0.175647	0.115162	
0.201718	1.31959	0.221785	-0.853254	-0.0602794	0.323	0.0940783	0.561838	0.176046	0.114143	
0.201956	1.32198	0.222504	-0.850339	-0.0605903	0.32692	0.0941584	0.562158	0.176443	0.113133	
0.202188	1.32434	0.223223	-0.847458	-0.0608981	0.330826	0.0942361	0.562475	0.176836	0.11213	
0.202415	1.32669	0.223943	-0.844611	-0.0612037	0.334719	0.0943112	0.56279	0.177226	0.111135	
0.202637	1.32901	0.224664	-0.841799	-0.061506	0.338597	0.0943842	0.563102	0.177613	0.110148	
0.202853	1.3313	0.225386	-0.839021	-0.0618064	0.342459	0.0944548	0.563411	0.177998	0.109168	
0.203063	1.33358	0.226108	-0.836276	-0.062104	0.346305	0.0945232	0.563718	0.178379	0.108197	
0.203268	1.33583	0.226831	-0.833566	-0.0623987	0.350135	0.0945895	0.564022	0.178757	0.107234	
0.203467	1.33805	0.227554	-0.830889	-0.062691	0.353947	0.0946536	0.564323	0.179132	0.106278	
0.20366	1.34026	0.228278	-0.828246	-0.0629807	0.357742	0.0947158	0.564621	0.179504	0.105331	
0.203848	1.34244	0.229003	-0.825637	-0.0632675	0.361517	0.0947762	0.564917	0.179874	0.104392	
0.20403	1.3446	0.229729	-0.823061	-0.0635519	0.365274	0.0948343	0.56521	0.180239	0.103461	
0.204207	1.34673	0.230455	-0.820518	-0.0638332	0.369011	0.0948908	0.565501	0.180602	0.102538	
0.204377	1.34885	0.231182	-0.818008	-0.0641124	0.372727	0.0949457	0.565788	0.180962	0.101624	
0.204542	1.35094	0.23191	-0.815532	-0.0643885	0.376423	0.0949986	0.566073	0.181318	0.100718	
0.204701	1.353	0.232639	-0.813089	-0.0646622	0.380096	0.0950499	0.566355	0.181671	0.0998207	
0.204854	1.35505	0.233368	-0.810679	-0.0649328	0.383748	0.0950997	0.566634	0.182021	0.0989316	
0.205001	1.35707	0.234098	-0.808301	-0.065201	0.387376	0.0951478	0.566911	0.182368	0.0980511	
0.205143	1.35907	0.234828	-0.805956	-0.0654669	0.390981	0.0951946	0.567185	0.182711	0.0971793	
0.205278	1.36105	0.23556	-0.803644	-0.0657296	0.394562	0.0952399	0.567455	0.183052	0.096316	
0.205408	1.363	0.236292	-0.801364	-0.0659895	0.398119	0.095284	0.567723	0.183389	0.0954614	
0.205531	1.36493	0.237025	-0.799117	-0.066247	0.40165	0.0953267	0.567988	0.183722	0.0946155	
0.205649	1.36684	0.237759	-0.796902	-0.0665016	0.405155	0.0953684	0.568251	0.184052	0.0937785	
0.20576	1.36872	0.238493	-0.794719	-0.0667536	0.408634	0.0954089	0.56851	0.184379	0.0929501	
0.205866	1.37059	0.239229	-0.792569	-0.0670033	0.412086	0.0954483	0.568766	0.184703	0.0921307	
0.205966	1.37243	0.239965	-0.79045	-0.0672493	0.41551	0.0954866	0.569019	0.185023	0.0913203	
0.206059	1.37425	0.240702	-0.788363	-0.067493	0.418907	0.0955245	0.56927	0.18534	0.0905189	
0.206372	1.3758	0.241441	-0.786629	-0.0677602	0.421495	0.0954502	0.569397	0.185762	0.0898541	
0.206652	1.37715	0.24218	-0.785024	-0.0682955	0.424744	0.0955899	0.569614	0.186169	0.0892217	
0.206806	1.37839	0.242899	-0.783227	-0.0685272	0.428052	0.0955369	0.569917	0.186542	0.0886949	
0.206851	1.37949	0.243604	-0.781241	-0.0687995	0.431443	0.095515	0.570329	0.186852	0.0882968	
0.206824	1.38048	0.2443	-0.779104	-0.0690577	0.434884	0.0954812	0.570824	0.187125	0.0880032	
0.206757	1.38138	0.244992	-0.776878	-0.0693133	0.438349	0.0954435	0.571369	0.18738	0.0877806	
0.206676	1.38224	0.245683	-0.774621	-0.0695646	0.441809	0.0954025	0.571937	0.187627	0.0875983	
0.206596	1.38308	0.246376	-0.77238	-0.0698133	0.445234	0.0953608	0.572506	0.187875	0.0874323	
0.206525	1.3839	0.24707	-0.770189	-0.0700598	0.448597	0.0953205	0.573059	0.188126	0.0872653	
0.206467	1.38473	0.247763	-0.76807	-0.0703039	0.451882	0.0952833	0.573587	0.188381	0.0870858	
0.206422	1.38557	0.248456	-0.766031	-0.0705481	0.455078	0.0952506	0.574086	0.188639	0.0868894	
0.206388	1.38642	0.249147	-0.764074	-0.0707927	0.458185	0.0952237	0.574554	0.188898	0.0866746	
0.206363	1.38727	0.249835	-0.762194	-0.0710387	0.461204	0.0952027	0.574995	0.189158	0.0864432	
0.206342	1.38814	0.25052	-0.760381	-0.0712862	0.464142	0.0951874	0.575413	0.189415	0.0861987	
0.206324	1.389	0.251202	-0.758624	-0.0715363	0.467006	0.0951779	0.575812	0.189668	0.0859454	
0.206305	1.38987	0.25188	-0.756915	-0.0717897	0.469806	0.0951736	0.576196	0.189917	0.0856877	
0.206283	1.39072	0.252555	-0.755243	-0.0720456	0.472547	0.0951738	0.57657	0.190161	0.0854292	
0.206259	1.39157	0.253227	-0.753601	-0.072305	0.475237	0.0951784	0.576936	0.190399	0.0851732	
0.20623	1.39241	0.253895	-0.751983	-0.0725677	0.477881	0.0951867	0.577297	0.190632	0.0849217	
0.206198	1.39324	0.25456	-0.750387	-0.0728338	0.480481	0.0951986	0.577654	0.19086	0.0846764	
0.206163	1.39405	0.255222	-0.748811	-0.0731027	0.483039	0.0952141	0.578008	0.191083	0.0844374	
0.206125	1.39485	0.255883	-0.747256	-0.0733752	0.485557	0.0952327	0.578357	0.191302	0.0842049	
0.206084	1.39564	0.256541	-0.745719	-0.0736506	0.488034	0.0952547	0.578704	0.191517	0.083979	
0.206041	1.39642	0.257195	-0.744203	-0.0739291	0.490471	0.0952797	0.579047	0.191728	0.0837598	
0.205997	1.39718	0.257848	-0.742708	-0.0742102	0.492866	0.0953081	0.579385	0.191936	0.0835461	
0.20595	1.39794	0.258498	-0.741234	-0.0744946	0.495219	0.0953395	0.579719	0.192139	0.0833379	
0.2059	1.39868	0.259145	-0.739779	-0.0747826	0.49753	0.0953743	0.580049	0.192338	0.0831357	
0.205851	1.39941	0.259791	-0.738356	-0.0750718	0.499783	0.0954142	0.58037	0.192535	0.0829369	
0.205804	1.40013	0.260434	-0.73697	-0.0753586	0.502015	0.0954542	0.580683	0.192732	0.0827366	
0.205752	1.40084	0.261074	-0.735608	-0.0756426	0.504197	0.0955608	0.580992	0.192923	0.0825452	
0.205697	1.40153	0.261711	-0.734281	-0.0759425	0.506218	0.0956137	0.581283	0.193104	0.0823639	
0.205641	1.40222	0.262346	-0.732985	-0.0762403	0.508187	0.0956843	0.581565	0.193282	0.0821826	
0.205586	1.4029	0.262978	-0.731724	-0.0765367	0.510102	0.095757	0.581834	0.193458	0.0819976	
0.205533	1.40359	0.263609	-0.73049	-0.0768244	0.511974	0.0958321	0.582094	0.193633	0.081812	
0.205476	1.40426	0.264236	-0.729273	-0.0770934	0.51381	0.0959053	0.58235	0.193806	0.0816314	
0.205412	1.40491	0.264861	-0.728048	-0.0773423	0.515642	0.0959725	0.582612	0.193977	0.081464	
0.205334	1.40553	0.265483	-0.726765	-0.077646	0.517532	0.0960405	0.582907	0.194135	0.0813282	
0.205239	1.40612	0.266102	-0.725423	-0.0779982	0.519457	0.0961125	0.583236	0.194278	0.0812312	
0.205137	1.40667	0.266719	-0.724081	-0.0783315	0.521341	0.0961831	0.583568	0.194419	0.0811537	
0.205041	1.40722	0.267336	-0.722782	-0.0786428	0.523159	0.0962522	0.583885	0.194563	0.0810764	
0.204951	1.40776	0.267951	-0.721524	-0.0789387	0.524928	0.096319	0.584188	0.194709	0.0809956	
0.204858	1.40828	0.268565	-0.720279	-0.0792522	0.526683	0.0963855	0.584492	0.194852	0.080921	
0.204759	1.40879	0.269176	-0.719035	-0.079587	0.528424	0.0964532	0.584801	0.194988	0.0808598	
0.204656	1.40928	0.269785	-0.71781	-0.0799127	0.530117	0.0965204	0.585107	0.195121	0.0808075	
0.204554	1.40976	0.270391	-0.716617	-0.080229	0.53176	0.0965862	0.585404	0.195252	0.0807578	
0.204449	1.41023	0.270995	-0.71545	-0.0805521	0.533365	0.0966518	0.585696	0.19538	0.0807127	
0.204342	1.41068	0.271597	-0.714303	-0.0808814	0.534934	0.0967174	0.585985	0.195504	0.0806748	
0.204233	1.41111	0.272197	-0.713183	-0.0812032	0.536453	0.0967822	0.586267	0.195626	0.0806431	
0.204121	1.41153	0.272793	-0.712086	-0.0815165	0.537925	0.0968461	0.586544	0.195745	0.0806196	
0.204004	1.41193	0.273388	-0.711007	-0.0818167	0.539325	0.0969117	0.586817	0.19586	0.0806087	
0.203881	1.41231	0.273979	-0.709938	-0.0821676	0.540738	0.0969861	0.587095	0.195965	0.0806014	
0.203762	1.41268	0.274568	-0.708896	-0.0824924	0.542062	0.0969727	0.58736	0.196072	0.0806021	
0.20364	1.41304	0.275154	-0.707883	-0.082828	0.54338	0.0970685	0.587623	0.196175	0.0806036	
0.20352	1.41339	0.275738	-0.7069	-0.083173	0.544642	0.0971363	0.587877	0.196276	0.0806084	
0.203403	1.41372	0.276318	-0.70595	-0.0835192	0.545853	0.0972104	0.588121	0.196377	0.0806168	
0.203286	1.41404	0.276896	-0.705036	-0.0838685	0.547012	0.0972843	0.588357	0.196474	0.0806282	
0.203168	1.41435	0.27747	-0.704157	-0.0842187	0.548117	0.0973592	0.588584	0.196569	0.0806429	
0.203048	1.41463	0.278041	-0.703312	-0.0845704	0.549169	0.097435	0.588802	0.196661	0.0806611	
0.202925	1.41491	0.278608	-0.702503	-0.0849221	0.550166	0.0975113	0.589012	0.196748	0.0806828	
0.202799	1.41517	0.279172	-0.70173	-0.0852737	0.551108	0.0975883	0.589212	0.196831	0.0807073	
0.202668	1.41541	0.279733	-0.700992	-0.0856252	0.551995	0.0976658	0.589404	0.196909	0.0807355	
0.202534	1.41564	0.28029	-0.700289	-0.0859761	0.552826	0.097744	0.589588	0.196982	0.0807673	
0.202394	1.41585	0.280843	-0.699623	-0.0863254	0.553602	0.0978229	0.589763	0.197051	0.0808027	
0.202251	1.41605	0.281394	-0.698992	-0.086674	0.554321	0.0979021	0.589929	0.197115	0.0808421	
0.202102	1.41623	0.28194	-0.698398	-0.0870211	0.554984	0.0979822	0.590087	0.197174	0.0808853	
0.201949	1.4164	0.282485	-0.697841	-0.0873661	0.55559	0.098063	0.590236	0.197229	0.080932	
0.201791	1.41655	0.283026	-0.697319	-0.0877106	0.556139	0.0981443	0.590376	0.197279	0.0809828	
0.201627	1.41668	0.283564	-0.696835	-0.0880527	0.556631	0.0982261	0.590508	0.197324	0.0810373	
0.201458	1.4168	0.284099	-0.696388	-0.0883927	0.557065	0.0983083	0.59063	0.197364	0.0810953	
0.201284	1.4169	0.284631	-0.695977	-0.0887318	0.557441	0.0983913	0.590744	0.197399	0.0811572	
0.201107	1.41699	0.285161	-0.6956	-0.0890691	0.557769	0.0984747	0.59085	0.197431	0.0812215	
0.200927	1.41707	0.285688	-0.695248	-0.0894046	0.558058	0.0985577	0.590948	0.19746	0.0812858	
0.200745	1.41714	0.286214	-0.694921	-0.0897384	0.558315	0.0986404	0.59104	0.197488	0.0813484	
0.200563	1.41721	0.286739	-0.694616	-0.0900705	0.558544	0.0987229	0.591124	0.197513	0.0814093	
0.200381	1.41728	0.287261	-0.694331	-0.0904007	0.558746	0.098805	0.591202	0.197538	0.0814677	
0.200199	1.41735	0.287781	-0.694064	-0.0907292	0.558925	0.0988867	0.591274	0.197562	0.0815231	
0.200017	1.41742	0.288301	-0.693815	-0.0910556	0.559084	0.0989676	0.59134	0.197585	0.0815756	
0.199835	1.41749	0.288818	-0.693581	-0.0913799	0.559224	0.0990484	0.591401	0.197607	0.0816251	
0.199653	1.41755	0.289334	-0.693361	-0.0917027	0.559347	0.0991285	0.591456	0.197629	0.0816715	
0.199471	1.41762	0.289848	-0.693155	-0.0920238	0.559455	0.0992081	0.591507	0.19765	0.0817147	
0.199291	1.41769	0.290361	-0.69296	-0.0923431	0.559549	0.0992875	0.591554	0.19767	0.0817552	
0.19911	1.41776	0.290872	-0.692777	-0.0926609	0.55963	0.0993662	0.591596	0.197691	0.0817927	
0.19893	1.41783	0.291383	-0.692605	-0.0929768	0.559699	0.0994446	0.591635	0.197711	0.0818275	
0.19875	1.41791	0.291892	-0.692441	-0.0932915	0.559758	0.0995228	0.59167	0.19773	0.0818602	
0.198571	1.41798	0.2924	-0.692286	-0.0936041	0.559807	0.0996003	0.591703	0.19775	0.0818904	
0.198391	1.41805	0.292906	-0.69214	-0.093915	0.559847	0.0996778	0.591732	0.197769	0.0819185	
0.198213	1.41813	0.293411	-0.692	-0.0942245	0.559879	0.0997546	0.591759	0.197787	0.0819443	
0.198034	1.4182	0.293915	-0.691867	-0.0945325	0.559903	0.0998311	0.591783	0.197806	0.0819684	
0.197856	1.41828	0.294418	-0.691741	-0.0948381	0.55992	0.0999072	0.591804	0.197824	0.0819906	
0.197678	1.41836	0.294919	-0.69162	-0.0951426	0.559931	0.0999832	0.591824	0.197842	0.0820112	
0.1975	1.41843	0.29542	-0.691504	-0.0954459	0.559937	0.100059	0.591842	0.19786	0.0820303	
0.197322	1.41851	0.29592	-0.691394	-0.0957472	0.559937	0.100134	0.591857	0.197878	0.0820481	
0.197145	1.41859	0.296417	-0.691287	-0.0960476	0.559932	0.100209	0.591872	0.197895	0.0820649	
0.196968	1.41867	0.296914	-0.691184	-0.0963466	0.559922	0.100284	0.591885	0.197912	0.0820802	
0.19679	1.41875	0.29741	-0.691085	-0.0966432	0.559908	0.100358	0.591896	0.197928	0.0820949	
0.196614	1.41883	0.297905	-0.690989	-0.0969398	0.559891	0.100432	0.591907	0.197945	0.0821086	
0.196437	1.41891	0.298399	-0.690896	-0.0972333	0.55987	0.100506	0.591916	0.197961	0.082121	
0.19626	1.41899	0.298893	-0.690807	-0.0975261	0.559847	0.100579	0.591924	0.197978	0.0821327	
0.196084	1.41907	0.299385	-0.69072	-0.0978169	0.559819	0.100652	0.591931	0.197994	0.0821437	
0.195908	1.41916	0.299876	-0.690635	-0.0981069	0.55979	0.100725	0.591938	0.19801	0.0821539	
0.195731	1.41924	0.300367	-0.690553	-0.0983951	0.559758	0.100798	0.591943	0.198026	0.0821633	
0.195555	1.41932	0.300857	-0.690472	-0.0986824	0.559725	0.100871	0.591948	0.198041	0.0821724	
0.195378	1.4194	0.301345	-0.690393	-0.0989685	0.559688	0.100943	0.591952	0.198056	0.0821808	
0.195202	1.41949	0.301833	-0.690316	-0.0992532	0.55965	0.101015	0.591956	0.198071	0.0821888	
0.195025	1.41957	0.30232	-0.69024	-0.0995367	0.559611	0.101087	0.591959	0.198086	0.0821964	
0.194849	1.41965	0.302807	-0.690166	-0.0998187	0.55957	0.101159	0.591961	0.198101	0.0822037	
0.194673	1.41974	0.303291	-0.690093	-0.100099	0.559527	0.10123	0.591963	0.198115	0.0822104	
0.194496	1.41982	0.303776	-0.690021	-0.100378	0.559483	0.101301	0.591965	0.19813	0.0822171	
0.19432	1.4199	0.30426	-0.68995	-0.100656	0.559438	0.101372	0.591967	0.198144	0.082223	
0.194143	1.41999	0.304743	-0.68988	-0.100933	0.559392	0.101442	0.591968	0.198158	0.0822288	
0.193967	1.42007	0.305225	-0.689811	-0.101208	0.559344	0.101512	0.591968	0.198172	0.0822344	
0.19379	1.42016	0.305707	-0.689744	-0.101482	0.559296	0.101583	0.591969	0.198186	0.0822397	
0.193614	1.42024	0.306189	-0.689676	-0.101755	0.559247	0.101652	0.591969	0.1982	0.0822451	
0.193437	1.42033	0.306669	-0.689608	-0.102026	0.559198	0.101722	0.591969	0.198213	0.0822502	
0.193261	1.42041	0.307148	-0.689542	-0.102297	0.559147	0.101792	0.591969	0.198226	0.0822548	
0.193084	1.4205	0.307627	-0.689477	-0.102566	0.559097	0.101861	0.591969	0.19824	0.0822593	
0.192907	1.42058	0.308106	-0.689412	-0.102834	0.559045	0.10193	0.591968	0.198253	0.0822637	
0.19273	1.42067	0.308584	-0.689347	-0.103101	0.558993	0.101999	0.591967	0.198265	0.0822682	
0.192553	1.42075	0.309061	-0.689283	-0.103367	0.55894	0.102068	0.591967	0.198278	0.0822725	
0.192376	1.42084	0.309538	-0.689219	-0.103631	0.558887	0.102136	0.591966	0.198291	0.0822764	
0.192199	1.42092	0.310014	-0.689155	-0.103895	0.558834	0.102205	0.591965	0.198303	0.0822803	
0.192021	1.42101	0.310489	-0.689092	-0.104158	0.55878	0.102273	0.591964	0.198315	0.0822844	
0.191844	1.42109	0.310965	-0.689029	-0.104419	0.558726	0.102341	0.591963	0.198327	0.0822879	
0.191667	1.42118	0.311439	-0.688967	-0.10468	0.558671	0.102409	0.591961	0.198339	0.0822918	
0.191489	1.42126	0.311913	-0.688905	-0.104939	0.558616	0.102477	0.59196	0.198351	0.0822957	
0.191311	1.42135	0.312387	-0.688843	-0.105197	0.558561	0.102545	0.591959	0.198363	0.0822992	
0.191133	1.42144	0.31286	-0.688781	-0.105454	0.558506	0.102612	0.591958	0.198375	0.0823031	
0.190956	1.42152	0.313333	-0.68872	-0.10571	0.55845	0.102679	0.591956	0.198386	0.0823063	
0.190778	1.42161	0.313805	-0.688658	-0.105965	0.558394	0.102746	0.591955	0.198398	0.0823099	
0.190599	1.42169	0.314277	-0.688596	-0.10622	0.558338	0.102813	0.591953	0.198409	0.0823135	
0.190421	1.42178	0.314749	-0.688534	-0.106472	0.558282	0.10288	0.591952	0.19842	0.0823169	
0.190242	1.42187	0.31522	-0.688474	-0.106724	0.558226	0.102947	0.59195	0.198431	0.0823201	
0.190063	1.42195	0.315691	-0.688412	-0.106975	0.55817	0.103013	0.591949	0.198442	0.0823232	
0.189885	1.42204	0.316161	-0.688352	-0.107225	0.558113	0.103079	0.591947	0.198453	0.0823263	
0.189706	1.42213	0.316631	-0.68829	-0.107474	0.558057	0.103146	0.591946	0.198463	0.0823296	
0.189526	1.42221	0.317101	-0.688229	-0.107722	0.558	0.103212	0.591944	0.198474	0.0823329	
0.189347	1.4223	0.31757	-0.688169	-0.107969	0.557943	0.103277	0.591943	0.198484	0.0823362	
0.189167	1.42238	0.318039	-0.688108	-0.108214	0.557887	0.103343	0.591941	0.198494	0.0823396	
0.188987	1.42247	0.318508	-0.688047	-0.108459	0.557829	0.103409	0.59194	0.198504	0.0823428	
0.188808	1.42256	0.318976	-0.687986	-0.108703	0.557772	0.103474	0.591939	0.198514	0.082346	
0.188627	1.42265	0.319444	-0.687925	-0.108946	0.557715	0.10354	0.591937	0.198524	0.0823489	
0.188447	1.42273	0.319912	-0.687865	-0.109188	0.557658	0.103605	0.591936	0.198534	0.0823521	
0.188267	1.42282	0.32038	-0.687804	-0.109428	0.557601	0.10367	0.591934	0.198544	0.0823551	
0.188086	1.42291	0.320848	-0.687743	-0.109668	0.557544	0.103735	0.591933	0.198553	0.0823582	
0.187905	1.42299	0.321315	-0.687682	-0.109908	0.557487	0.1038	0.591932	0.198563	0.0823616	
0.187724	1.42308	0.321782	-0.687621	-0.110146	0.55743	0.103864	0.59193	0.198572	0.082365	
0.187543	1.42317	0.322248	-0.68756	-0.110383	0.557373	0.103929	0.591929	0.198581	0.0823682	
0.187361	1.42326	0.322715	-0.687499	-0.11062	0.557315	0.103993	0.591928	0.19859	0.0823712	
0.18718	1.42334	0.323182	-0.687438	-0.110855	0.557258	0.104057	0.591927	0.198599	0.0823744	
0.186998	1.42343	0.323648	-0.687377	-0.111091	0.557201	0.104121	0.591926	0.198608	0.0823776	
0.186816	1.42352	0.324114	-0.687316	-0.111324	0.557144	0.104185	0.591925	0.198617	0.082381	
0.186634	1.42361	0.32458	-0.687254	-0.111558	0.557087	0.104249	0.591924	0.198626	0.0823846	
0.186451	1.42369	0.325046	-0.687193	-0.11179	0.55703	0.104313	0.591923	0.198634	0.0823878	
0.186268	1.42378	0.325511	-0.687132	-0.112021	0.556973	0.104376	0.591922	0.198643	0.082391	
0.186085	1.42387	0.325977	-0.687071	-0.112251	0.556916	0.10444	0.591921	0.198651	0.0823943	
0.185902	1.42396	0.326443	-0.68701	-0.11248	0.556859	0.104503	0.59192	0.19866	0.0823975	
0.185719	1.42404	0.326909	-0.686949	-0.112709	0.556802	0.104566	0.591919	0.198668	0.082401	
0.185535	1.42413	0.327374	-0.686887	-0.112936	0.556745	0.10463	0.591919	0.198676	0.0824047	
0.185351	1.42422	0.327839	-0.686826	-0.113163	0.556688	0.104692	0.591918	0.198684	0.0824079	
0.185167	1.42431	0.328304	-0.686765	-0.113389	0.55663	0.104755	0.591917	0.198692	0.0824111	
0.184983	1.4244	0.32877	-0.686703	-0.113615	0.556573	0.104818	0.591916	0.1987	0.0824148	
0.184798	1.42449	0.329235	-0.686641	-0.11384	0.556516	0.104881	0.591916	0.198708	0.0824182	
0.184613	1.42458	0.3297	-0.686579	-0.114064	0.556459	0.104943	0.591915	0.198715	0.0824214	
0.184428	1.42466	0.330165	-0.686518	-0.114286	0.556402	0.105006	0.591914	0.198723	0.0824247	
0.184242	1.42475	0.33063	-0.686456	-0.114508	0.556345	0.105068	0.591914	0.19873	0.0824281	
0.184056	1.42484	0.331095	-0.686394	-0.11473	0.556288	0.10513	0.591913	0.198737	0.0824315	
0.18387	1.42493	0.33156	-0.686333	-0.11495	0.556231	0.105192	0.591913	0.198745	0.0824348	
0.183684	1.42502	0.332026	-0.686272	-0.115169	0.556175	0.105254	0.591912	0.198752	0.0824381	
0.183498	1.42511	0.332491	-0.686209	-0.115388	0.556118	0.105316	0.591912	0.19876	0.0824417	
0.183311	1.4252	0.332957	-0.686147	-0.115606	0.556061	0.105378	0.591911	0.198766	0.0824451	
0.183124	1.42529	0.333421	-0.686085	-0.115824	0.556004	0.105439	0.591911	0.198773	0.0824488	
0.182937	1.42538	0.333887	-0.686023	-0.11604	0.555947	0.105501	0.591911	0.19878	0.0824521	
0.182749	1.42547	0.334352	-0.685961	-0.116255	0.55589	0.105562	0.59191	0.198787	0.0824557	
0.182561	1.42556	0.334818	-0.685899	-0.11647	0.555833	0.105624	0.59191	0.198794	0.0824593	
0.182373	1.42565	0.335284	-0.685837	-0.116684	0.555776	0.105685	0.59191	0.1988	0.0824629	
0.182184	1.42574	0.33575	-0.685774	-0.116898	0.555719	0.105746	0.59191	0.198807	0.0824664	
0.181996	1.42583	0.336215	-0.685712	-0.11711	0.555663	0.105807	0.59191	0.198813	0.0824699	
0.181807	1.42592	0.336681	-0.685649	-0.117323	0.555606	0.105868	0.59191	0.19882	0.0824736	
0.181617	1.42601	0.337147	-0.685587	-0.117534	0.555549	0.105929	0.59191	0.198826	0.0824774	
0.181427	1.4261	0.337613	-0.685524	-0.117744	0.555492	0.105989	0.59191	0.198832	0.0824808	
0.181238	1.42619	0.338079	-0.685462	-0.117954	0.555435	0.10605	0.59191	0.198838	0.0824844	
0.181047	1.42628	0.338546	-0.685399	-0.118164	0.555378	0.106111	0.59191	0.198844	0.0824879	
0.180857	1.42637	0.339013	-0.685336	-0.118372	0.555322	0.106172	0.59191	0.19885	0.0824916	
0.180666	1.42646	0.339479	-0.685273	-0.11858	0.555265	0.106232	0.59191	0.198856	0.0824952	
0.180475	1.42655	0.339947	-0.68521	-0.118786	0.555208	0.106292	0.59191	0.198862	0.0824989	
0.180284	1.42664	0.340414	-0.685148	-0.118992	0.555151	0.106352	0.59191	0.198868	0.0825027	
0.180092	1.42674	0.340881	-0.685084	-0.119197	0.555095	0.106412	0.59191	0.198874	0.0825065	
0.1799	1.42683	0.341348	-0.685021	-0.119402	0.555039	0.106472	0.591911	0.198879	0.0825104	
0.179707	1.42692	0.341816	-0.684958	-0.119606	0.554982	0.106532	0.591911	0.198885	0.082514	
0.179514	1.42701	0.342284	-0.684895	-0.119809	0.554925	0.106592	0.591911	0.19889	0.0825176	
0.179321	1.4271	0.342752	-0.684832	-0.120012	0.554869	0.106652	0.591912	0.198896	0.0825216	
0.179128	1.42719	0.343221	-0.684768	-0.120214	0.554812	0.106712	0.591912	0.198901	0.0825253	
0.178934	1.42729	0.34369	-0.684705	-0.120415	0.554756	0.106771	0.591913	0.198906	0.082529	
0.17874	1.42738	0.344159	-0.684641	-0.120616	0.554699	0.106831	0.591913	0.198912	0.082533	
0.178546	1.42747	0.344628	-0.684578	-0.120816	0.554643	0.10689	0.591914	0.198917	0.082537	
0.178351	1.42756	0.345098	-0.684514	-0.121015	0.554586	0.10695	0.591914	0.198922	0.0825409	
0.178156	1.42766	0.345567	-0.68445	-0.121214	0.554529	0.107009	0.591915	0.198927	0.082545	
0.177961	1.42775	0.346037	-0.684386	-0.121412	0.554473	0.107069	0.591915	0.198932	0.082549	
0.177765	1.42784	0.346508	-0.684323	-0.121609	0.554416	0.107128	0.591916	0.198937	0.0825527	
0.177569	1.42794	0.346978	-0.684259	-0.121806	0.554359	0.107187	0.591916	0.198941	0.0825565	
0.177373	1.42803	0.347449	-0.684195	-0.122001	0.554303	0.107246	0.591917	0.198946	0.0825604	
0.177176	1.42812	0.34792	-0.684131	-0.122197	0.554246	0.107305	0.591918	0.198951	0.0825644	
0.176979	1.42822	0.348392	-0.684067	-0.122391	0.55419	0.107363	0.591918	0.198956	0.0825683	
0.176781	1.42831	0.348864	-0.684003	-0.122585	0.554133	0.107422	0.591919	0.19896	0.0825724	
0.176584	1.4284	0.349336	-0.683939	-0.122778	0.554077	0.107481	0.59192	0.198965	0.0825766	
0.176386	1.4285	0.349809	-0.683874	-0.122971	0.55402	0.107539	0.591921	0.198969	0.0825808	
0.176187	1.42859	0.350282	-0.68381	-0.123163	0.553964	0.107598	0.591922	0.198974	0.0825848	
0.175988	1.42868	0.350755	-0.683745	-0.123354	0.553908	0.107656	0.591923	0.198978	0.0825891	
0.175789	1.42878	0.351228	-0.68368	-0.123545	0.553851	0.107714	0.591924	0.198982	0.082593	
0.17559	1.42887	0.351702	-0.683615	-0.123735	0.553795	0.107773	0.591925	0.198987	0.0825973	
0.17539	1.42897	0.352177	-0.68355	-0.123924	0.553738	0.107831	0.591926	0.198991	0.0826016	
0.175189	1.42906	0.352652	-0.683486	-0.124113	0.553682	0.107889	0.591927	0.198995	0.0826058	
0.174988	1.42916	0.353127	-0.68342	-0.1243	0.553626	0.107947	0.591928	0.198999	0.08261	
0.174787	1.42925	0.353602	-0.683355	-0.124488	0.55357	0.108005	0.591929	0.199003	0.0826141	
0.174586	1.42935	0.354078	-0.68329	-0.124675	0.553514	0.108063	0.59193	0.199007	0.0826182	
0.174384	1.42945	0.354554	-0.683225	-0.124861	0.553457	0.10812	0.591931	0.199011	0.0826224	
0.174181	1.42954	0.355031	-0.68316	-0.125046	0.553401	0.108178	0.591932	0.199014	0.0826266	
0.173979	1.42964	0.355508	-0.683095	-0.125231	0.553345	0.108236	0.591934	0.199018	0.0826309	
0.173776	1.42973	0.355986	-0.683028	-0.125415	0.553289	0.108293	0.591935	0.199022	0.0826354	
0.173573	1.42983	0.356464	-0.682963	-0.125599	0.553233	0.10835	0.591936	0.199026	0.0826397	
0.173369	1.42993	0.356943	-0.682897	-0.125782	0.553177	0.108408	0.591938	0.199029	0.0826443	
0.173164	1.43002	0.357421	-0.682832	-0.125964	0.55312	0.108465	0.591939	0.199033	0.0826485	
0.17296	1.43012	0.357901	-0.682766	-0.126146	0.553064	0.108522	0.591941	0.199036	0.0826529	
0.172755	1.43022	0.35838	-0.6827	-0.126327	0.553008	0.108579	0.591942	0.199039	0.0826575	
0.172549	1.43031	0.358861	-0.682634	-0.126507	0.552952	0.108636	0.591944	0.199043	0.0826618	
0.172343	1.43041	0.359342	-0.682568	-0.126686	0.552896	0.108693	0.591945	0.199046	0.0826663	
0.172137	1.43051	0.359823	-0.682502	-0.126865	0.55284	0.10875	0.591946	0.19905	0.0826706	
0.17193	1.43061	0.360305	-0.682436	-0.127044	0.552783	0.108807	0.591948	0.199053	0.0826753	
0.171723	1.4307	0.360788	-0.682369	-0.127222	0.552728	0.108863	0.59195	0.199056	0.0826798	
0.171516	1.4308	0.36127	-0.682302	-0.1274	0.552671	0.10892	0.591951	0.199059	0.0826846	
0.171308	1.4309	0.361753	-0.682236	-0.127577	0.552615	0.108977	0.591953	0.199062	0.0826891	
0.171099	1.431	0.362237	-0.68217	-0.127753	0.552559	0.109034	0.591955	0.199065	0.0826936	
0.170891	1.4311	0.362721	-0.682103	-0.127928	0.552503	0.10909	0.591956	0.199068	0.0826981	
0.170681	1.4312	0.363206	-0.682036	-0.128103	0.552447	0.109147	0.591958	0.199071	0.0827029	
0.170472	1.4313	0.363691	-0.68197	-0.128278	0.552391	0.109203	0.59196	0.199074	0.0827072	
0.170262	1.4314	0.364177	-0.681903	-0.128452	0.552336	0.109259	0.591961	0.199077	0.0827117	
0.170052	1.4315	0.364664	-0.681836	-0.128625	0.55228	0.109316	0.591963	0.19908	0.0827163	
0.169841	1.43159	0.36515	-0.681769	-0.128797	0.552223	0.109372	0.591965	0.199083	0.082721	
0.16963	1.43169	0.365638	-0.681702	-0.128969	0.552168	0.109428	0.591967	0.199085	0.0827258	
0.169418	1.43179	0.366126	-0.681635	-0.129141	0.552112	0.109484	0.591969	0.199088	0.0827305	
0.169206	1.4319	0.366615	-0.681568	-0.129312	0.552056	0.10954	0.59197	0.19909	0.082735	
0.168994	1.432	0.367104	-0.681501	-0.129483	0.552	0.109596	0.591972	0.199093	0.0827396	
0.168781	1.4321	0.367594	-0.681434	-0.129653	0.551944	0.109652	0.591974	0.199096	0.0827442	
0.168568	1.4322	0.368084	-0.681366	-0.129822	0.551887	0.109708	0.591976	0.199098	0.082749	
0.168354	1.4323	0.368575	-0.681299	-0.129991	0.551831	0.109764	0.591978	0.199101	0.0827538	
0.16814	1.4324	0.369067	-0.681232	-0.130159	0.551775	0.10982	0.59198	0.199103	0.0827586	
0.167925	1.4325	0.369559	-0.681164	-0.130326	0.551719	0.109875	0.591982	0.199106	0.0827635	
0.16771	1.4326	0.370052	-0.681096	-0.130493	0.551663	0.109931	0.591984	0.199108	0.0827684	
0.167495	1.4327	0.370545	-0.681028	-0.13066	0.551607	0.109987	0.591986	0.19911	0.0827731	
0.167279	1.43281	0.371039	-0.68096	-0.130825	0.55155	0.110042	0.591988	0.199112	0.0827778	
0.167062	1.43291	0.371533	-0.680892	-0.130991	0.551494	0.110098	0.59199	0.199114	0.0827825	
0.166845	1.43301	0.372029	-0.680824	-0.131155	0.551438	0.110153	0.591992	0.199116	0.0827875	
0.166628	1.43312	0.372524	-0.680756	-0.13132	0.551383	0.110209	0.591995	0.199118	0.0827924	
0.16641	1.43322	0.373021	-0.680688	-0.131483	0.551327	0.110264	0.591997	0.199121	0.0827973	
0.166192	1.43332	0.373518	-0.680619	-0.131646	0.551271	0.110319	0.591999	0.199123	0.0828024	
0.165973	1.43343	0.374016	-0.680551	-0.131808	0.551215	0.110375	0.592001	0.199125	0.0828069	
0.165754	1.43353	0.374515	-0.680483	-0.13197	0.551159	0.11043	0.592003	0.199127	0.0828118	
0.165534	1.43363	0.375014	-0.680414	-0.132131	0.551103	0.110485	0.592005	0.199129	0.0828165	
0.165314	1.43374	0.375513	-0.680346	-0.132292	0.551047	0.11054	0.592008	0.199131	0.0828217	
0.165094	1.43384	0.376014	-0.680277	-0.132452	0.55099	0.110595	0.59201	0.199132	0.0828267	
0.164873	1.43395	0.376515	-0.680209	-0.132612	0.550934	0.110651	0.592012	0.199134	0.0828318	
0.164651	1.43405	0.377017	-0.68014	-0.132771	0.550878	0.110706	0.592015	0.199136	0.0828367	
0.164429	1.43416	0.377519	-0.680071	-0.13293	0.550822	0.11076	0.592017	0.199137	0.0828416	
0.164207	1.43426	0.378022	-0.680002	-0.133088	0.550766	0.110815	0.592019	0.199139	0.0828468	
0.163984	1.43437	0.378525	-0.679933	-0.133245	0.550709	0.11087	0.592022	0.199141	0.0828517	
0.163761	1.43447	0.37903	-0.679864	-0.133402	0.550654	0.110925	0.592024	0.199143	0.0828568	
0.163537	1.43458	0.379535	-0.679795	-0.133559	0.550598	0.11098	0.592027	0.199144	0.0828621	
0.163313	1.43468	0.380041	-0.679725	-0.133714	0.550542	0.111034	0.592029	0.199146	0.0828675	
